payload	set-seconds	set-throughput	set-lat-avg	set-lat-min	set-lat-p50	set-lat-p95	set-lat-p99	set-lat-max	get-seconds	get-throughput	get-lat-avg	get-lat-min	get-lat-p50	get-lat-p95	get-lat-p99	get-lat-max
10	6.32	158177.80	0.338	0.056	0.303	0.519	0.743	37.535	6.82	146692.09	0.356	0.088	0.327	0.527	0.695	39.295
100	6.42	155666.25	0.345	0.120	0.311	0.543	0.775	28.847	6.75	148236.00	0.351	0.064	0.319	0.535	0.719	26.175
1000	6.82	146627.56	0.370	0.080	0.327	0.567	0.855	37.951	7.10	140864.91	0.375	0.088	0.335	0.551	0.735	43.487
20	6.62	151148.72	0.352	0.088	0.311	0.535	0.751	39.583	7.02	142531.36	0.377	0.120	0.319	0.535	0.719	44.255
200	6.56	152508.77	0.356	0.088	0.311	0.535	0.767	38.527	6.92	144466.92	0.363	0.128	0.327	0.543	0.719	45.919
2000	6.88	145327.72	0.381	0.176	0.335	0.591	0.871	35.103	7.63	130992.93	0.405	0.136	0.359	0.583	0.783	32.639
50	6.68	149655.78	0.365	0.088	0.319	0.543	0.807	44.479	7.03	142288.00	0.372	0.096	0.327	0.543	0.735	42.015
500	6.58	151883.34	0.357	0.088	0.319	0.551	0.831	22.191	7.05	141884.22	0.372	0.080	0.335	0.551	0.759	36.639
5000	7.26	137835.97	0.424	0.080	0.375	0.687	0.959	3.423	8.06	124115.67	0.425	0.080	0.391	0.599	0.823	35.103
